Number of bonds: 136
bond tolerance: 0.15
label   bond length (Angstrom)       atom1                                                                 -     atom2
  0          1.389400000             1   C      -0.610401176921      0.810029720944     -0.764305079403    -     2   C      -1.192040230402      2.057349251447     -0.954889339744
  1          1.452500000             1   C      -0.610401176921      0.810029720944     -0.764305079403    -     6   C      -1.361075404971     -0.249557755793     -0.113521834011
  2          1.452500000             1   C      -0.610401176921      0.810029720944     -0.764305079403    -    21   C       0.187160591378      0.211586400804     -1.820485494071
  3          1.452500000             2   C      -1.192040230402      2.057349251447     -0.954889339744    -     3   C      -2.550768816579      2.301728679891     -0.503345793607
  4          1.452500000             2   C      -1.192040230402      2.057349251447     -0.954889339744    -    30   C      -1.002532820230      2.762872836487     -2.210309453667
  5          1.389400000             3   C      -2.550768816579      2.301728679891     -0.503345793607    -     4   C      -3.268831998991      1.288172163417      0.119165904258
  6          1.452500000             3   C      -2.550768816579      2.301728679891     -0.503345793607    -    15   C      -3.201001854051      3.158287057841     -1.479696648649
  7          1.452500000             4   C      -3.268831998991      1.288172163417      0.119165904258    -     5   C      -2.660777640865     -0.015794741763      0.318405603513
  8          1.452500000             4   C      -3.268831998991      1.288172163417      0.119165904258    -     7   C      -4.669739264514      1.085143064631     -0.206401705392
  9          1.389400000             5   C      -2.660777640865     -0.015794741763      0.318405603513    -     6   C      -1.361075404971     -0.249557755793     -0.113521834011
 10          1.452500000             5   C      -2.660777640865     -0.015794741763      0.318405603513    -     9   C      -3.685886645977     -1.024719708115      0.115974899928
 11          1.452500000             6   C      -1.361075404971     -0.249557755793     -0.113521834011    -    20   C      -1.027455824014     -1.502862150563     -0.767496083695
 12          1.452500000             7   C      -4.669739264514      1.085143064631     -0.206401705392    -     8   C      -4.927493211517     -0.344302724279     -0.208373854526
 13          1.389400000             7   C      -4.669739264514      1.085143064631     -0.206401705392    -    10   C      -5.291724656777      1.904490541619     -1.140337593858
 14          1.452500000             8   C      -4.927493211517     -0.344302724279     -0.208373854526    -     9   C      -3.685886645977     -1.024719708115      0.115974899928
 15          1.389400000             8   C      -4.927493211517     -0.344302724279     -0.208373854526    -    13   C      -5.796035115872     -0.892302565114     -1.144196217325
 16          1.389400000             9   C      -3.685886645977     -1.024719708115      0.115974899928    -    18   C      -3.366760280445     -2.223577626213     -0.509589177552
 17          1.452500000            10   C      -5.291724656777      1.904490541619     -1.140337593858    -    11   C      -6.199711641198      1.331603130650     -2.118660598022
 18          1.452500000            10   C      -5.291724656777      1.904490541619     -1.140337593858    -    14   C      -4.541050428727      2.964078018356     -1.791120839251
 19          1.389400000            11   C      -6.199711641198      1.331603130650     -2.118660598022    -    12   C      -6.446268153344     -0.035744187164     -2.120547072368
 20          1.452500000            11   C      -6.199711641198      1.331603130650     -2.118660598022    -    27   C      -6.010204230835      2.037126715691     -3.374080711915
 21          1.452500000            12   C      -6.446268153344     -0.035744187164     -2.120547072368    -    13   C      -5.796035115872     -0.892302565114     -1.144196217325
 22          1.452500000            12   C      -6.446268153344     -0.035744187164     -2.120547072368    -    26   C      -6.514514689934     -0.759666390974     -3.377939335377
 23          1.452500000            13   C      -5.796035115872     -0.892302565114     -1.144196217325    -    16   C      -5.462415534693     -2.145606959850     -1.798170466963
 24          1.789405543            13   C      -5.796035115872     -0.892302565114     -1.144196217325    -    97   Cl     -6.148500000000     -2.594121000000     -1.570288600000
 25          1.389400000            14   C      -4.541050428727      2.964078018356     -1.791120839251    -    15   C      -3.201001854051      3.158287057841     -1.479696648649
 26          1.452500000            14   C      -4.541050428727      2.964078018356     -1.791120839251    -    28   C      -4.985095225753      3.046051682028     -3.171650008337
 27          1.664190253            14   C      -4.541050428727      2.964078018356     -1.791120839251    -    91   Cl     -6.148500000000      2.594121000000     -1.570288600000
 28          1.452500000            15   C      -3.201001854051      3.158287057841     -1.479696648649    -    29   C      -2.244139385630      3.443289820289     -2.534658208103
 29          1.389400000            16   C      -5.462415534693     -2.145606959850     -1.798170466963    -    17   C      -4.274747264674     -2.796465037103     -1.487912181554
 30          1.452500000            16   C      -5.462415534693     -2.145606959850     -1.798170466963    -    25   C      -5.906460331781     -2.063633296247     -3.178699636034
 31          1.452500000            17   C      -4.274747264674     -2.796465037103     -1.487912181554    -    18   C      -3.366760280445     -2.223577626213     -0.509589177552
 32          1.452500000            17   C      -4.274747264674     -2.796465037103     -1.487912181554    -    24   C      -3.477185496519     -3.394908357080     -2.544092596317
 33          1.452500000            18   C      -3.366760280445     -2.223577626213     -0.509589177552    -    19   C      -2.008031694237     -2.467957054545     -0.961132723659
 34          1.389400000            19   C      -2.008031694237     -2.467957054545     -0.961132723659    -    20   C      -1.027455824014     -1.502862150563     -0.767496083695
 35          1.452500000            19   C      -2.008031694237     -2.467957054545     -0.961132723659    -    23   C      -2.076278230991     -3.191879258295     -2.218524986693
 36          1.452500000            20   C      -1.027455824014     -1.502862150563     -0.767496083695    -    22   C      -0.070593355760     -1.217859388082     -1.822457643160
 37          1.452500000            21   C       0.187160591378      0.211586400804     -1.820485494071    -    22   C      -0.070593355760     -1.217859388082     -1.822457643160
 38          1.389400000            21   C       0.187160591378      0.211586400804     -1.820485494071    -    32   C       0.368435356055      0.886460389826     -3.021367219568
 39          1.389400000            22   C      -0.070593355760     -1.217859388082     -1.822457643160    -    33   C      -0.135875103403     -1.910332716805     -3.025225842953
 40          1.452500000            23   C      -2.076278230991     -3.191879258295     -2.218524986693    -    24   C      -3.477185496519     -3.394908357080     -2.544092596317
 41          1.389399999            23   C      -2.076278230991     -3.191879258295     -2.218524986693    -    34   C      -1.160984108672     -2.919257683102     -3.227656546400
 42          1.389400000            24   C      -3.477185496519     -3.394908357080     -2.544092596317    -    35   C      -3.901939948213     -3.316495821242     -3.864648346745
 43          1.452500000            25   C      -5.906460331781     -2.063633296247     -3.178699636034    -    26   C      -6.514514689934     -0.759666390974     -3.377939335377
 44          1.389400000            25   C      -5.906460331781     -2.063633296247     -3.178699636034    -    36   C      -5.143546513762     -2.636078837446     -4.188997101249
 45          1.710843788            25   C      -5.906460331781     -2.063633296247     -3.178699636034    -    97   Cl     -6.148500000000     -2.594121000000     -1.570288600000
 46          1.389400000            26   C      -6.514514689934     -0.759666390974     -3.377939335377    -    37   C      -6.333239925080     -0.084792401885     -4.578821060810
 47          1.452500000            27   C      -6.010204230835      2.037126715691     -3.374080711915    -    28   C      -4.985095225753      3.046051682028     -3.171650008337
 48          1.389400000            27   C      -6.010204230835      2.037126715691     -3.374080711915    -    38   C      -6.075485978123      1.344653386901     -4.576848911688
 49          1.389400000            28   C      -4.985095225753      3.046051682028     -3.171650008337    -    39   C      -4.069801102713      3.318673257346     -4.180781568144
 50          1.452500000            29   C      -2.244139385630      3.443289820289     -2.534658208103    -    30   C      -1.002532820230      2.762872836487     -2.210309453667
 51          1.389400000            29   C      -2.244139385630      3.443289820289     -2.534658208103    -    40   C      -2.668893837362      3.521702356144     -3.855213958518
 52          1.389400000            30   C      -1.002532820230      2.762872836487     -2.210309453667    -    31   C      -0.239619002072      2.190427295005     -3.220606918823
 53          1.452500000            31   C      -0.239619002072      2.190427295005     -3.220606918823    -    32   C       0.368435356055      0.886460389826     -3.021367219568
 54          1.452500000            31   C      -0.239619002072      2.190427295005     -3.220606918823    -    42   C      -0.683663799358      2.272400958676     -4.601136087826
 55          1.452500000            32   C       0.368435356055      0.886460389826     -3.021367219568    -    43   C       0.300188819054      0.162538185986     -4.278759482538
 56          1.452500000            33   C      -0.135875103403     -1.910332716805     -3.025225842953    -    34   C      -1.160984108672     -2.919257683102     -3.227656546400
 57          1.452500000            33   C      -0.135875103403     -1.910332716805     -3.025225842953    -    44   C       0.053632306775     -1.204809131727     -4.280645956853
 58          1.452500000            34   C      -1.160984108672     -2.919257683102     -3.227656546400    -    45   C      -1.605028905935     -2.837284019301     -4.608185715402
 59          1.452500000            35   C      -3.901939948213     -3.316495821242     -3.864648346745    -    36   C      -5.143546513762     -2.636078837446     -4.188997101249
 60          1.452499999            35   C      -3.901939948213     -3.316495821242     -3.864648346745    -    46   C      -2.945077480671     -3.031493058655     -4.919609905823
 61          1.452500000            36   C      -5.143546513762     -2.636078837446     -4.188997101249    -    47   C      -4.954039103506     -1.930555252450     -5.444417215184
 62          1.452500000            37   C      -6.333239925080     -0.084792401885     -4.578821060810    -    38   C      -6.075485978123      1.344653386901     -4.576848911688
 63          1.452500000            37   C      -6.333239925080     -0.084792401885     -4.578821060810    -    48   C      -5.535678156438     -0.683235721865     -5.635001475308
 64          1.452500000            38   C      -6.075485978123      1.344653386901     -4.576848911688    -    49   C      -5.118623509630      1.629656149468     -5.631810471044
 65          1.452500000            39   C      -4.069801102713      3.318673257346     -4.180781568144    -    40   C      -2.668893837362      3.521702356144     -3.855213958518
 66          1.452500000            39   C      -4.069801102713      3.318673257346     -4.180781568144    -    50   C      -4.138047639389      2.594751053411     -5.438173831076
 67          1.452500000            40   C      -2.668893837362      3.521702356144     -3.855213958518    -    41   C      -1.871332068979      2.923259035966     -4.911394373101
 68          1.389400000            41   C      -1.871332068979      2.923259035966     -4.911394373101    -    42   C      -0.683663799358      2.272400958676     -4.601136087826
 69          1.452500000            41   C      -1.871332068979      2.923259035966     -4.911394373101    -    51   C      -2.779319053535      2.350371625022     -5.889717377153
 70          1.452500000            42   C      -0.683663799358      2.272400958676     -4.601136087826    -    52   C      -0.350044218472      1.019096563840     -5.255110337422
 71          1.389400000            43   C       0.300188819054      0.162538185986     -4.278759482538    -    44   C       0.053632306775     -1.204809131727     -4.280645956853
 72          1.452500000            43   C       0.300188819054      0.162538185986     -4.278759482538    -    52   C      -0.350044218472      1.019096563840     -5.255110337422
 73          1.452500000            44   C       0.053632306775     -1.204809131727     -4.280645956853    -    53   C      -0.854354677887     -1.777696542576     -5.258968960863
 74          1.389400000            45   C      -1.605028905935     -2.837284019301     -4.608185715402    -    46   C      -2.945077480671     -3.031493058655     -4.919609905823
 75          1.452500000            45   C      -1.605028905935     -2.837284019301     -4.608185715402    -    53   C      -0.854354677887     -1.777696542576     -5.258968960863
 76          1.452500000            46   C      -2.945077480671     -3.031493058655     -4.919609905823    -    54   C      -3.595310518635     -2.174934680895     -5.895960760705
 77          1.389400000            47   C      -4.954039103506     -1.930555252450     -5.444417215184    -    48   C      -5.535678156438     -0.683235721865     -5.635001475308
 78          1.452499999            47   C      -4.954039103506     -1.930555252450     -5.444417215184    -    54   C      -3.595310518635     -2.174934680895     -5.895960760705
 79          1.452500000            48   C      -5.535678156438     -0.683235721865     -5.635001475308    -    55   C      -4.785003928524      0.376351754708     -6.285784720673
 80          1.389400000            49   C      -5.118623509630      1.629656149468     -5.631810471044    -    50   C      -4.138047639389      2.594751053411     -5.438173831076
 81          1.452500000            49   C      -5.118623509630      1.629656149468     -5.631810471044    -    55   C      -4.785003928524      0.376351754708     -6.285784720673
 82          1.452500000            50   C      -4.138047639389      2.594751053411     -5.438173831076    -    51   C      -2.779319053535      2.350371625022     -5.889717377153
 83          1.389400000            51   C      -2.779319053535      2.350371625022     -5.889717377153    -    57   C      -2.460192688139      1.151513706802     -6.515281454472
 84          1.389400000            52   C      -0.350044218472      1.019096563840     -5.255110337422    -    58   C      -1.218586123107      0.471096723020     -6.190932700028
 85          1.389400000            53   C      -0.854354677887     -1.777696542576     -5.258968960863    -    59   C      -1.476340070226     -0.958349065502     -6.192904849203
 86          1.613215713            53   C      -0.854354677887     -1.777696542576     -5.258968960863    -    69   Cl      0.000000000000     -2.594121000000     -6.357146600000
 87          1.389400000            54   C      -3.595310518635     -2.174934680895     -5.895960760705    -    60   C      -2.877247335830     -1.161378164125     -6.518472458604
 88          1.389400000            55   C      -4.785003928524      0.376351754708     -6.285784720673    -    56   C      -3.485301692568      0.142588740749     -6.717712158047
 89          1.452499999            56   C      -3.485301692568      0.142588740749     -6.717712158047    -    57   C      -2.460192688139      1.151513706802     -6.515281454472
 90          1.452499999            56   C      -3.485301692568      0.142588740749     -6.717712158047    -    60   C      -2.877247335830     -1.161378164125     -6.518472458604
 91          1.452500000            57   C      -2.460192688139      1.151513706802     -6.515281454472    -    58   C      -1.218586123107      0.471096723020     -6.190932700028
 92          1.452500000            58   C      -1.218586123107      0.471096723020     -6.190932700028    -    59   C      -1.476340070226     -0.958349065502     -6.192904849203
 93          1.452500000            59   C      -1.476340070226     -0.958349065502     -6.192904849203    -    60   C      -2.877247335830     -1.161378164125     -6.518472458604
 94          2.381204583            61   Sb      0.000000000000      4.975300000000     -6.346108600000    -    62   Cl      0.000000000000      7.356479000000     -6.357146600000
 95          2.381204583            61   Sb      0.000000000000      4.975300000000     -6.346108600000    -    63   Cl      0.000000000000      2.594121000000     -6.357146600000
 96          2.358776780            61   Sb      0.000000000000      4.975300000000     -6.346108600000    -    64   Cl      1.667473000000      4.975300000000     -8.014449600000
 97          2.358416471            61   Sb      0.000000000000      4.975300000000     -6.346108600000    -    65   Cl      1.682230000000      4.975300000000     -4.693162600000
 98          2.358776780            61   Sb      0.000000000000      4.975300000000     -6.346108600000    -    66   Cl     -1.667473000000      4.975300000000     -8.014449600000
 99          2.358416471            61   Sb      0.000000000000      4.975300000000     -6.346108600000    -    67   Cl     -1.682230000000      4.975300000000     -4.693162600000
100          2.381204583            68   Sb      0.000000000000     -4.975300000000     -6.346108600000    -    69   Cl      0.000000000000     -2.594121000000     -6.357146600000
101          2.381204583            68   Sb      0.000000000000     -4.975300000000     -6.346108600000    -    70   Cl      0.000000000000     -7.356479000000     -6.357146600000
102          2.358776780            68   Sb      0.000000000000     -4.975300000000     -6.346108600000    -    71   Cl      1.667473000000     -4.975300000000     -8.014449600000
103          2.358416471            68   Sb      0.000000000000     -4.975300000000     -6.346108600000    -    72   Cl      1.682230000000     -4.975300000000     -4.693162600000
104          2.358776780            68   Sb      0.000000000000     -4.975300000000     -6.346108600000    -    73   Cl     -1.667473000000     -4.975300000000     -8.014449600000
105          2.358416471            68   Sb      0.000000000000     -4.975300000000     -6.346108600000    -    74   Cl     -1.682230000000     -4.975300000000     -4.693162600000
106          2.381204583            75   Sb      6.148500000000      4.975300000000     -1.581326600000    -    76   Cl      6.148500000000      7.356479000000     -1.570288600000
107          2.381204583            75   Sb      6.148500000000      4.975300000000     -1.581326600000    -    77   Cl      6.148500000000      2.594121000000     -1.570288600000
108          2.358415770            75   Sb      6.148500000000      4.975300000000     -1.581326600000    -    78   Cl      7.830730000000      4.975300000000     -3.234271600000
109          2.358776780            75   Sb      6.148500000000      4.975300000000     -1.581326600000    -    79   Cl      7.815973000000      4.975300000000      0.087014400000
110          2.358415770            75   Sb      6.148500000000      4.975300000000     -1.581326600000    -    80   Cl      4.466270000000      4.975300000000     -3.234271600000
111          2.358776780            75   Sb      6.148500000000      4.975300000000     -1.581326600000    -    81   Cl      4.481027000000      4.975300000000      0.087014400000
112          2.381204583            82   Sb      6.148500000000     -4.975300000000     -1.581326600000    -    83   Cl      6.148500000000     -2.594121000000     -1.570288600000
113          2.381204583            82   Sb      6.148500000000     -4.975300000000     -1.581326600000    -    84   Cl      6.148500000000     -7.356479000000     -1.570288600000
114          2.358415770            82   Sb      6.148500000000     -4.975300000000     -1.581326600000    -    85   Cl      7.830730000000     -4.975300000000     -3.234271600000
115          2.358776780            82   Sb      6.148500000000     -4.975300000000     -1.581326600000    -    86   Cl      7.815973000000     -4.975300000000      0.087014400000
116          2.358415770            82   Sb      6.148500000000     -4.975300000000     -1.581326600000    -    87   Cl      4.466270000000     -4.975300000000     -3.234271600000
117          2.358776780            82   Sb      6.148500000000     -4.975300000000     -1.581326600000    -    88   Cl      4.481027000000     -4.975300000000      0.087014400000
118          2.381204583            89   Sb     -6.148500000000      4.975300000000     -1.581326600000    -    90   Cl     -6.148500000000      7.356479000000     -1.570288600000
119          2.381204583            89   Sb     -6.148500000000      4.975300000000     -1.581326600000    -    91   Cl     -6.148500000000      2.594121000000     -1.570288600000
120          2.358415770            89   Sb     -6.148500000000      4.975300000000     -1.581326600000    -    92   Cl     -4.466270000000      4.975300000000     -3.234271600000
121          2.358776780            89   Sb     -6.148500000000      4.975300000000     -1.581326600000    -    93   Cl     -4.481027000000      4.975300000000      0.087014400000
122          2.358415770            89   Sb     -6.148500000000      4.975300000000     -1.581326600000    -    94   Cl     -7.830730000000      4.975300000000     -3.234271600000
123          2.358776780            89   Sb     -6.148500000000      4.975300000000     -1.581326600000    -    95   Cl     -7.815973000000      4.975300000000      0.087014400000
124          2.381204583            96   Sb     -6.148500000000     -4.975300000000     -1.581326600000    -    97   Cl     -6.148500000000     -2.594121000000     -1.570288600000
125          2.381204583            96   Sb     -6.148500000000     -4.975300000000     -1.581326600000    -    98   Cl     -6.148500000000     -7.356479000000     -1.570288600000
126          2.358415770            96   Sb     -6.148500000000     -4.975300000000     -1.581326600000    -    99   Cl     -4.466270000000     -4.975300000000     -3.234271600000
127          2.358776780            96   Sb     -6.148500000000     -4.975300000000     -1.581326600000    -   100   Cl     -4.481027000000     -4.975300000000      0.087014400000
128          2.358415770            96   Sb     -6.148500000000     -4.975300000000     -1.581326600000    -   101   Cl     -7.830730000000     -4.975300000000     -3.234271600000
129          2.358776780            96   Sb     -6.148500000000     -4.975300000000     -1.581326600000    -   102   Cl     -7.815973000000     -4.975300000000      0.087014400000
130          2.381204588           103   Sb      0.000000000000      0.000000000000      8.178891400000    -   104   Cl      0.000000000000      2.381179000000      8.167852400000
131          2.381204588           103   Sb      0.000000000000      0.000000000000      8.178891400000    -   105   Cl      0.000000000000     -2.381179000000      8.167852400000
132          2.358776780           103   Sb      0.000000000000      0.000000000000      8.178891400000    -   106   Cl      1.667473000000      0.000000000000      6.510550400000
133          2.358415770           103   Sb      0.000000000000      0.000000000000      8.178891400000    -   107   Cl      1.682230000000      0.000000000000      9.831836400000
134          2.358776780           103   Sb      0.000000000000      0.000000000000      8.178891400000    -   108   Cl     -1.667473000000      0.000000000000      6.510550400000
135          2.358415770           103   Sb      0.000000000000      0.000000000000      8.178891400000    -   109   Cl     -1.682230000000      0.000000000000      9.831836400000